0,0,3,6,5,3,0,0,
0,1,1,2,4,0,1,0,
4,0,0,0,10,0,0,0,
0,0,0,0,1,1,0,2,
1,0,0,0,0,7,0,7,
7,7,0,0,0,0,1,0,
0,9,0,7,7,0,0,0,
8,10,0,12,11,9,0,8,
30
true
false
false
 
1,7,1,7,3,0,-1,-1,false,;10,6,7,5,5,0,-1,-1,false,;1,7,3,7,4,0,-1,-1,false,;10,5,5,3,4,0,-1,-1,false,;1,4,1,4,2,0,-1,-1,false,;7,1,6,1,5,0,-1,-1,false,;1,0,1,0,3,0,-1,-1,false,;7,0,6,0,5,0,-1,-1,false,;2,0,0,0,2,0,-1,-1,false,;7,7,6,7,5,0,-1,-1,false,;2,0,2,3,2,0,-1,-1,false,;7,6,6,6,5,0,-1,-1,false,;4,6,0,4,1,0,-1,-1,false,;7,2,6,2,4,0,-1,-1,false,;1,0,3,0,4,0,-1,-1,false,;7,2,4,2,3,0,-1,-1,false,;1,7,4,6,5,7,6,5,false,;7,2,3,2,2,0,-1,-1,false,;4,1,0,0,2,0,-1,-1,false,;7,2,2,3,1,1,3,1,false,;2,3,2,3,1,7,3,1,false,;9,2,7,1,6,0,-1,-1,false,;2,7,0,7,2,0,-1,-1,false,;7,5,6,5,5,0,-1,-1,false,;1,4,2,4,3,0,-1,-1,false,;7,7,5,7,4,0,-1,-1,false,;1,5,1,5,3,0,-1,-1,false,;7,5,5,5,4,0,-1,-1,false,;2,7,2,7,3,0,-1,-1,false,;10,3,4,4,2,0,-1,-1,false,;
 
